image_width: 640
image_height: 480
camera_name: usb_cam

#K
camera_matrix:
  rows: 3
  cols: 3
  data: [343.15907310693535, 0, 320.5, 0, 343.15907310693535, 240.5, 0, 0, 1]
  
distortion_model: plumb_bob

#D
distortion_coefficients:
  rows: 1
  cols: 5
  data: [0.0, 0.0, 0.0, 0.0, 0.0]
  
#R
rectification_matrix:
  rows: 3
  cols: 3
  data: [1, 0, 0, 0, 1, 0, 0, 0, 1]
  
#P
projection_matrix:
  rows: 3
  cols: 4
  data: [343.15907310693535, 0, 320.5, 0, 0, 343.15907310693535, 240.5, 0, 0, 0, 1, 0]