image_width: 450
image_height: 800
camera_name: csi_cam

#K
camera_matrix:
  rows: 3
  cols: 3
  # data: [471.6297, 0, 225.9439, 0, 470.6795, 405.7077, 0, 0, 1]
  data: [470.6795, 0, 405.7077, 0, 225.9439, 405.7077, 0, 0, 1]
  
distortion_model: plumb_bob

#D
distortion_coefficients:
  rows: 1
  cols: 5
  data: [0.0, 0.0, 0.0, 0.0, 0.0]
  
#R
rectification_matrix:
  rows: 3
  cols: 3
  data: [1, 0, 0, 0, 1, 0, 0, 0, 1]
  
#P
projection_matrix:
  rows: 3
  cols: 4
  data: [471.6297, 0, 225.9439, 0, 0, 470.6795, 405.7077, 0, 0, 0, 1, 0]


  